kinematics:
  shoulder:
    x: 0
    y: 0
    z: 0.1810841936508403
    roll: -0
    pitch: 0
    yaw: -3.02590948374204e-08
  upper_arm:
    x: 5.799833030932038e-05
    y: 0
    z: 0
    roll: 1.570727787882858
    pitch: 0
    yaw: -1.720552668023097e-06
  forearm:
    x: -0.6120805267278743
    y: 0
    z: 0
    roll: 0.001536758572446889
    pitch: -0.0007086642629374379
    yaw: -8.057967602213506e-08
  wrist_1:
    x: -0.5710648770161686
    y: -0.0003011915014823272
    z: 0.1745977015573722
    roll: 0.001725058234050156
    pitch: 0.0007954914629681038
    yaw: 9.317347852044269e-07
  wrist_2:
    x: 6.869715031376353e-05
    y: -0.1198005012284423
    z: 7.749103776266928e-07
    roll: 1.570789858454867
    pitch: 0
    yaw: 2.707718564191886e-06
  wrist_3:
    x: -1.690126026785432e-05
    y: 0.1158277869795687
    z: -3.145643582890131e-05
    roll: 1.570524747445279
    pitch: 3.141592653589793
    yaw: -3.141592606416726
  hash: calib_2337734279161691474